 -0.00367635   -0.0591936     0.149486    0.0677464
   0.0357066    0.0590121   -0.0817377    0.0888217
  -0.0738466    -0.157271      1.10778     0.184128
 0.000622204  -0.00707903   -0.0170512   0.00833588
    -0.37754      0.11056    -0.383085     0.392633
   0.0126157   0.00937678   -0.0123691   0.00985651
   -0.305308    -0.197741       0.1084    -0.222971
      3.3181      1.88993      1.51135     -3.37026
   -0.023726   -0.0121857     0.041337     0.012768
  -0.0349475   -0.0246843    0.0033378   -0.0250132
  -0.0129936  -0.00394482   0.00433466  -0.00179288
   0.0631892   -0.0450793    0.0669089    0.0243754
     1.09714    -0.502678     0.932305    -0.395859
    0.304475    -0.039217     0.309641    0.0326634
  -0.0200889  -0.00662476    0.0371481  -0.00071263
  -0.0258428   0.00975592     0.031267   -0.0220709
      3.3181      1.88993      1.51135     -3.37026
  -0.0275998  -0.00238076   -0.0141882 -0.000501157
    -0.37754      0.11056    -0.383085     0.392633
   -0.451176      0.48026    -0.362297    -0.295725
    0.319055   -0.0402273     -0.61335    -0.136581
    -10.3689     -5.61228      17.7193     -4.43977
  0.00503245    0.0124908   0.00563869    0.0530891
   -0.605556    0.0765446     0.760046     0.504096
     4.44341      2.11557    -0.493834     -6.00953
    -10.3385     -5.93591      18.6876     -4.22937
  -0.0293356 -0.000914986    0.0428133  -0.00762659
    -10.3862     -5.97859      18.8873     -4.41854
      4.2003      1.38012     -4.73015      5.79473
   -0.579886     0.818413   -0.0832446     0.676147
     1.09714    -0.502678     0.932305    -0.395859
  -0.0077396    0.0148737    0.0231486    -0.016336
   -0.956858     0.281685      3.69417     -2.11099
   -0.579886     0.818413   -0.0832446     0.676147
     10.4525      5.99634     -18.8785      4.40516
  0.00709968   0.00273113   -0.0244748    0.0112145
 -0.00870137    0.0466242    0.0174983    -0.111495
    -0.33008      0.40846     0.166126     0.294237
  -0.0116651    0.0018093  -0.00656607 -0.000502539
  0.00307242  -0.00300565    0.0223421  -0.00478963
    0.346786    0.0654916     0.340584    -0.506605
-0.000521043  -0.00228563   -0.0162913   -0.0173631
   -0.119635    -0.095265    -0.121935     0.040063
      11.172       5.1875     -18.3642      4.39132
  0.00990803    0.0127876   0.00162316  -0.00876332
     -11.172      -5.1875      18.3642     -4.39132
  -0.0170594   -0.0209447  -0.00106314   -0.0259326
     2.07588    -0.418797    -0.545091     -1.71772
     -11.172      -5.1875      18.3642     -4.39132
    -11.2992     -5.27567      18.2469       -4.266
   0.0178515      -0.0797    -0.129095   -0.0675213
   0.0704778    -0.124202   0.00367164    -0.109607
     11.6767      5.18219     -18.0033       4.1351
    -11.6935     -5.18295      17.9823     -4.13418
    -5.28357       3.3219     -3.01878      5.59345
  -0.0021596     0.116315      0.10231    -0.155298
    -11.0888     -6.05167      18.4849     -4.17137
   0.0119053   0.00704121   -0.0089606    0.0117617
     5.18103      3.48322     -15.9306      11.8461
   -0.960757     0.270876      3.67765      -2.1145
     1.47469    -0.596153      1.17584    -0.526763
     1.47469    -0.596153      1.17584    -0.526763
  -0.0470257    0.0730354   -0.0695203    0.0117499
  -0.0280246    -0.401824      1.04969     0.538318
    -1.02556      6.59362     -19.2963      18.1808
     5.24751      3.38388     -3.28387     -7.67523
 -0.00145915 -3.79775e-05  -0.00608527   0.00675285
   0.0353497   -0.0130648     0.013271   0.00839277
    0.681508    0.0854519     -0.51221    -0.417104
     5.10922       9.9219     -21.8777      7.60981
  -0.0130382   0.00632603   0.00818658    0.0107049
    0.416975      0.12032    -0.446025     0.503663
   0.0933391    -0.753653     -1.24231    -0.211396
    -5.29588      3.32989     -3.02669      5.60151
    -7.43613     -9.34895      21.0967     -9.13705
    -1.78841     0.535497      1.24813   -0.0611725
   0.0453783      6.75344     -20.1522      18.1681
  0.00135357   0.00969635    -0.014365   0.00689139
   -0.123783    0.0815597    -0.119482  -0.00389379
   0.0342984   -0.0442117    0.0406084   -0.0102864
  -0.0099401    -0.234784    -0.553105   -0.0746013
    -6.68239     -9.45262      22.0251     -11.0124
 -0.00466768 -0.000403339  -0.00318031    0.0113974
     5.25136      3.35766     -3.30013      -7.6661
   -0.141111   -0.0159383   -0.0533222    -0.191446
     1.47469    -0.596153      1.17584    -0.526763
  -0.0587952     0.011107   -0.0478863    0.0309005
  -0.0168423   -0.0254267   -0.0158216   -0.0159308
    0.113449     -0.25953    0.0875468    -0.271154
    0.304475    -0.039217     0.309641    0.0326634
  -0.0890319   -0.0623241     0.251437      1.03716
    -2.15174     0.985156     -4.23587     -1.64162
 0.000373981     0.014159   0.00596763 -0.000361478
   -0.494732    -0.490466     -0.67414    -0.382155
     1.22219     -6.34268     -2.05795     -7.68408
   0.0493829   -0.0665898   -0.0639769   -0.0585609
    -1.40649       1.9488     -1.05064    -0.272472
    0.108091   -0.0176525    -0.343688     0.300134
  -0.0163404   -0.0030271   -0.0212892  -0.00313505
 0.000340142   -0.0166727    0.0127052    -0.012957
   -0.115471     0.371428     0.283883    -0.237533
   0.0160934    0.0165604   -0.0529844    0.0162521
   0.0324298     -0.27594    -0.112478    -0.256404
    0.445893    0.0627642     0.215848    -0.204362
    0.079549 -0.000850643    0.0194745   -0.0754956
   0.0349833     -1.66818      2.48062      1.33621
   -0.566429     0.270052    -0.619658  -0.00688566
     1.52054       -0.624      1.14046    -0.476175
    -5.30222      3.33115     -3.12269      5.62799
  -0.0509511     0.032401    0.0743671    0.0048452
    -1.24605     0.439891     -8.79143     -2.69091
   -0.941578     0.400674     -8.48179     -2.65825
  -0.0175819    0.0274507     -0.43883     0.802845
    0.941579    -0.400674      8.48178      2.65824
     1.28297       4.7315      5.06695       20.774
    -2.73005     -2.12459      11.7943      6.83289
  -0.0958107    0.0587147   -0.0976573   0.00160408
   -0.698558     -5.87926     -3.35998     -8.53951
   0.0314068   -0.0246274     0.463313   -0.0402148
   -0.385694     -5.12283      3.34362       -18.14
    0.385695      5.12283     -3.34362        18.14
   -0.385694     -5.12283      3.34362       -18.14
    -1.66428      1.11893     -2.30689      -0.9497
    0.385695      5.12283     -3.34362        18.14
     1.52054       -0.624      1.14046    -0.476175
     -1.0501     0.540819     -8.56586     -2.49163
    -1.90623     -4.49883      2.20315     -17.6639
     3.32419     -6.58964      7.73962     -25.5169
   -0.019242    0.0015745   -0.0161032    0.0726215
 0.000978718     -0.01539  -0.00848227 -0.000317694
     2.27409     -6.04882    -0.826236     -28.0085
  -0.0783966  -0.00622548   -0.0514279    0.0877388
  -0.0393206   -0.0397349      0.12803    0.0415984
     2.27409     -6.04882    -0.826236     -28.0085
    -2.27409      6.04882     0.826235      28.0085
     2.27409     -6.04882    -0.826236     -28.0085
     2.27409     -6.04882    -0.826236     -28.0085
 -0.00936803    0.0134095   0.00881521 -0.000231047
    0.988171     0.314548     -0.99982      1.24326
   -0.320705    0.0417042     0.511051     0.264077
    0.572874    -0.626705      4.73561     -2.85009
    0.572874    -0.626705      4.73561     -2.85009
 -0.00987351  -0.00268348   0.00503733   0.00156209
   -0.045407    -0.137275    0.0439351   -0.0414574
    0.572874    -0.626705      4.73561     -2.85009
    0.572874    -0.626705      4.73561     -2.85009
    0.238142   -0.0519906     0.463814    0.0112288
    0.304475    -0.039217     0.309641    0.0326634
    0.524754     0.372785    -0.402871       1.1639
   0.0350744    -0.338312     0.975554     0.189275
     3.70989     -1.46682      4.39601     -7.37685
      -1.605    -0.170288    -0.419045    -0.283627
    0.304475    -0.039217     0.309641    0.0326634
    0.572874    -0.626705      4.73561     -2.85009
  -0.0112142   0.00752856   0.00553279 -0.000942257
     4.96348      1.45874     -4.93661      6.72938
     4.20807      1.11582      2.24117     -3.53645
    0.150522    0.0226207     0.170813    -0.178054
    0.572874    -0.626705      4.73561     -2.85009
    0.276632    0.0427405     0.277523    -0.388627
  -0.0397848    0.0340801    -0.141062  -0.00939229
   -0.324897     0.123032     -0.18989   -0.0354795
    -5.23873    -0.340983      13.6242      8.80695
 -0.00607944    0.0050599  -0.00805059    0.0170503
    -0.74884     -6.27595     -3.60481     -8.90111
     1.52054       -0.624      1.14046    -0.476175
     1.64622     -5.83363     -5.80844      -25.549
   0.0413122    -0.383442    -0.121781    -0.398681
  -0.0290221    0.0208137    0.0213647    0.0472373
    0.446899    -0.319639      4.85541     -2.66281
   0.0350744    -0.338312     0.975554     0.189275
   -0.226503    -0.330607      1.88234      1.19457
   -0.613762     -0.20671    -0.735609     0.143332
  -0.0239346   0.00108193     0.052267    0.0423495
   -0.672189      1.57338     -1.89719    -0.894812
    -5.14609    -0.253014      13.8582      8.98781
    0.162976    0.0316775    -0.185256     0.215116
     1.97448     -7.12096     -4.18294     -24.2367
    -10.4104      3.00378      10.6171      14.5666
  0.00845039   0.00731618   -0.0442243    0.0766346
     8.27204     0.375696      3.80122      -13.646
    -3.32514     -6.11311      12.5311     -18.8098
  -0.0715697    0.0334276   -0.0307821   -0.0396504
     3.32514      6.11311     -12.5311      18.8098
    -3.32514     -6.11311      12.5311     -18.8098
  -0.0502814    -0.396687    -0.244834    -0.361593
   0.0355071  -0.00833158    0.0214537   0.00211043
    -3.14889     -5.97437      12.7399     -18.9984
   0.0350744    -0.338312     0.975554     0.189275
   -0.349452     0.124659      0.28551     0.369927
    0.350735   -0.0674097     0.320359    0.0341718
   0.0358156  -0.00759602    0.0418366   -0.0133799
 -0.00707863    0.0160398  0.000635039   -0.0365004
     8.58947      2.85632     -9.29006       13.231
     8.58947      2.85632     -9.29006       13.231
   -0.554345     0.545464   -0.0369478      0.10264
     3.15552      5.94644     -12.7695      18.9826
     8.57976     0.492739      3.99165     -13.8047
    -5.10916    -0.297689      13.7579      8.94991
   0.0290618  0.000644508    0.0567681   0.00236279
  -0.0194656  -0.00339742   -0.0346314    0.0188687
  -0.0110696    -0.125183   0.00339118   -0.0656579
     4.42051      1.22304      2.45737     -3.73169
    -1.95365      5.64875     0.988475      27.9325
  -0.0390528   -0.0232054    0.0439227   -0.0243838
     -0.7559     -1.14625     -5.85006     -1.14378
    -1.96069      5.64342      1.00578      27.9634
     1.96069     -5.64342     -1.00578     -27.9634
   -0.254249     0.218627    -0.141604    0.0768009
  0.00228775   -0.0172729   -0.0152373   -0.0227439
  -0.0189733    0.0156432   -0.0375383 -0.000774242
    -1.96069      5.64342      1.00578      27.9634
    -1.96069      5.64342      1.00578      27.9634
    0.350735   -0.0674097     0.320359    0.0341718
  -0.0131767   0.00147178     0.005276   0.00389886
    0.155971    0.0263407    -0.165943     0.238009
     8.58947      2.85632     -9.29006       13.231
     1.96069     -5.64342     -1.00578     -27.9634
    -1.86717       1.8028       2.8949     -3.40438
  -0.0155702   0.00170142 -0.000876644   0.00430491
    0.822316    -0.233352     0.378398    -0.291278
    0.681508    0.0854519     -0.51221    -0.417104
    -1.96715      1.92739      2.91405     -3.32361
    0.034093     0.002328   -0.0107408    0.0583378
    -1.92421      1.81471     0.688658      1.34681
  -0.0364261     0.035774   -0.0177728    0.0102578
  -0.0203483     -0.14174     0.348243   -0.0922488
     1.42064      7.80347     -9.84836      15.6995
   0.0308572   0.00635886    0.0174991   -0.0257609
   0.0350744    -0.338312     0.975554     0.189275
  -0.0844297     0.049393   -0.0561403   -0.0154468
    -5.29698     -0.21954       13.842      8.86568
   -0.141111   -0.0159383   -0.0533222    -0.191446
     3.32283      5.89137     -12.7581      19.0023
     1.41569      7.81151     -9.84305      15.7127
  -0.0275998  -0.00238076   -0.0141882 -0.000501157
   0.0350744    -0.338312     0.975554     0.189275
   -0.597689     -8.82835     -6.49447     -20.8204
   0.0540717   -0.0247662    0.0216187   -0.0378653
  0.00161353   -0.0149342  -0.00370947   -0.0116666
    0.157167    -0.348961     -5.84354     -1.10738
    -1.80561      4.95824    -0.293223      27.6411
   -0.566429     0.270052    -0.619658  -0.00688566
  -0.0053506   -0.0101592  -0.00513912   -0.0100286
 -0.00488121  -0.00578792  -0.00202065   -0.0038153
  -0.0430249     0.268402    -0.135009    -0.250029
   -0.419347    -0.570681      2.88052      1.44508
  0.00733104    0.0139677   -0.0708739    0.0118598
      5.7866      3.72023      10.3545     -7.52805
   -0.778962    0.0345061     0.770201   0.00174184
   -0.462233     -3.55581     -24.0911     -1.35785
   -0.212162    0.0363738     0.237191     0.168911
   -0.795446     0.064406      1.97921      1.20483
   -0.174469    0.0469673    -0.102347     0.135173
  -0.0632191    0.0727651    0.0481938    0.0653723
   -0.227484 -0.000298267    0.0248083    0.0636896
     3.26693       4.8803     -14.0727      18.5836
  0.00940586  -0.00286751    0.0417196  -0.00178573
   -0.473086     0.389254    -0.252359     0.304843
  -0.0974889     0.347374     0.228996    -0.211186
   -0.247736    0.0183106     0.243498    0.0376581
      1.9316     0.616705     0.993471     -1.46946
    0.350735   -0.0674097     0.320359    0.0341718
    -1.71423     -7.24241     -6.09134     -9.87172
 -0.00565778   0.00382421    0.0111859 -0.000634435
     2.22062    -0.947664     0.582014     -8.91294
    -3.40016     -1.97913      13.0479      7.53909
    -1.71423     -7.24241     -6.09134     -9.87172
     0.82344     -0.56281    -0.105962    -0.726794
    -3.50945     -9.41992     -7.98499     -20.5497
  -0.0682156   -0.0179614     0.157535    -0.123264
     5.72882      4.78471      8.39711     -7.01723
  -0.0253409    0.0309273   -0.0720455    0.0574691
    0.137836    -0.838175    -0.428669    -0.679792
   0.0749468    -0.327677     0.909459     0.157314
   -0.227484 -0.000298267    0.0248083    0.0636896
     3.10501      4.79963     -14.1486       18.681
    0.154782   -0.0842046   -0.0289058    -0.149196
    -4.07019      -5.8255     -6.23854      6.75239
   0.0354536   -0.0471769    0.0156092   -0.0214528
     0.13819   -0.0261418    0.0113545   -0.0108077
  -0.0221987    -0.117598     0.451716     0.282872
 -0.00707863    0.0160398  0.000635039   -0.0365004
    0.123511  -0.00810322    0.0655212    0.0389748
     1.54563    -0.649927      1.20221    -0.423385
   0.0128171   -0.0776368       0.1803     0.125209
     7.63874      2.76102      9.07044     -7.10444
    -7.63874     -2.76102     -9.07044      7.10444
   -0.316563     0.144797    -0.143135   -0.0153448
  -0.0895491   -0.0454928    -0.025978   -0.0128517
     -8.7649     -5.59558     -11.8029     -11.3839
     1.03874    -0.336987     0.422523    -0.241429
    -0.05729    0.0338594   -0.0466581   0.00677563
  0.00474344   -0.0126339   0.00294844  -0.00844664
-0.000426174  -0.00406712  0.000637256   -0.0107117
    0.681508    0.0854519     -0.51221    -0.417104
  -0.0157622    0.0104412   0.00795284   -0.0175281
   0.0128213   0.00167077 -0.000721733  -0.00531623
    -8.66196    -0.474478     -26.1717      3.84835
  -0.0962417 -0.000214734     0.107291     0.205932
   -0.515379      2.73578     -1.49864      25.4793
  -0.0586001    0.0237993    0.0536809   -0.0289976
     7.84495      1.85437     -10.6246      12.7439
     11.7972      1.59672      11.6643      -11.822
   -0.108689     0.110556   -0.0567742  -0.00462905
    -0.22439      0.27603     -0.21414    -0.359807
    -12.2032     -1.48461     -12.0974      12.1333
   0.0323885    0.0153349   -0.0652525    0.0427078
   -0.138807     0.427224     0.394225    -0.219761
     12.2028      1.49446      12.0788     -12.1396
   0.0832864    -0.149888     0.293332   -0.0721108
    -3.74335      1.67147     -2.88757     -2.82395
    -5.60368      3.16843     -3.49058      5.68517
   0.0624628      2.67962      -1.5951      25.7929
  -0.0213935    0.0240668  0.000536046  -0.00206169
    -12.3263     -1.48635     -12.1443      12.1007
   -0.211625     0.161777    -0.127399     0.135094
     12.3263      1.48635      12.1443     -12.1007
   0.0226649    0.0211261    0.0144966   -0.0219948
  -0.0106443  -0.00369153   -0.0535127    0.0100531
    -5.49353     -3.32351     -7.09018     -8.95247
    -5.49353     -3.32351     -7.09018     -8.95247
 -0.00964713  -0.00661334   -0.0162697   0.00738053
  -0.0698633    -0.270006    -0.124556    -0.181444
  -0.0209284   -0.0312732   -0.0084532    0.0111822
   -0.724364    -0.274873    -0.847203     0.201725
   -0.584301    0.0156436      1.28949      0.62508
  -0.0490491   0.00596089     0.049397   -0.0104786
  -0.0217751   0.00557053   -0.0474848    0.0477375
    0.681508    0.0854519     -0.51221    -0.417104
   -0.584301    0.0156436      1.28949      0.62508
    -6.70139      1.89316     -5.29599      21.1476
    -5.62495     -3.37952     -6.84831     -9.04696
  -0.0213935    0.0240668  0.000536046  -0.00206169
   -0.148057    -0.235832    -0.415229   -0.0285596
     -3.0279     -2.25429      12.2341       7.3444
   0.0149293   0.00121069    0.0111879  -0.00623592
    -0.54421    -0.789473      3.04777      1.81372
   -0.584301    0.0156436      1.28949      0.62508
   -0.473086     0.389254    -0.252359     0.304843
  -0.0228102    0.0218246   -0.0295987  -0.00477572
    -7.89622     -3.45027     -9.95426       -12.66
   -0.223915     0.798524    0.0289764    -0.492492
    -6.24071     0.918828     -3.78134   -0.0604281
 -0.00341973   0.00624001  -0.00667819   0.00486265
     1.53507    -0.645875      1.20979    -0.410179
     1.53507    -0.645875      1.20979    -0.410179
    0.110655   -0.0828237    0.0297237   -0.0563568
   -0.275686     -1.06343     -6.47672     -1.26916
  -0.0655976    0.0129461    0.0632325  -0.00139541
 0.000278547   -0.0294857   0.00521427   -0.0181867
   -0.138807     0.427224     0.394225    -0.219761
   -0.124297    0.0252275     0.213763   -0.0493207
     1.57494    -0.635241       1.1437    -0.442139
     1.53507    -0.645875      1.20979    -0.410179
-0.000521043  -0.00228563   -0.0162913   -0.0173631
    -3.14366     0.487424      2.84906    -0.391857
  0.00785131   -0.0026372     0.011464   0.00343738
    -6.43054       3.5529     -2.33187      6.01227
     1.48946     -1.48546      1.52711     -1.43352
  -0.0227428    0.0211498   -0.0124329    0.0119637
     -3.0279     -2.25429      12.2341       7.3444
     1.53507    -0.645875      1.20979    -0.410179
   0.0219155  -0.00793116    0.0584886   -0.0398306
    -1.53507     0.645875      -1.2098     0.410178
    -1.53507     0.645875      -1.2098     0.410178
    -6.43054       3.5529     -2.33187      6.01227
     5.21739     0.219308      3.41866      19.3328
     2.01421     -1.11268      1.12424     -0.26962
  -0.0187653   -0.0291891    -0.087017   -0.0340731
  -0.0143786   -0.0548524   -0.0715727   -0.0262858
  -0.0084264  -0.00102721  -0.00715603   0.00106609
     2.01421     -1.11268      1.12424     -0.26962
 -0.00336677   0.00209156   0.00978837   -0.0060076
    0.941256     0.085528    -0.646318      1.01684
     5.21739     0.219308      3.41866      19.3328
  -0.0754098   -0.0462083   -0.0732525   -0.0132763
     1.48946     -1.48546      1.52711     -1.43352
    -5.95861      3.50347      -3.5912      5.44542
     1.53507    -0.645875      1.20979    -0.410179
  -0.0530669   -0.0629634     0.174103    -0.065965
   -0.236534    -0.391916      1.82845      1.17959
   -0.254249     0.218627    -0.141604    0.0768009
  -0.0335559    0.0127454  -0.00839724  -0.00567398
  -0.0389925  0.000534009    0.0569777    0.0589573
 -0.00394133 -0.000153017    0.0180321 -0.000228156
   0.0038444   0.00178332    0.0161626   -0.0130235
    0.311746     -1.95686     -20.4007     -6.04681
    0.407978     0.135333     0.164622    -0.208132
     1.65858    -0.653978      1.27532    -0.371204
   -0.137806   -0.0891305    -0.169262    -0.270137
    0.379008   -0.0423742  -0.00877514      0.19613
     8.70768      2.85239     -8.60019      11.9778
   0.0218181   -0.0252238   0.00485527    -0.035536
   0.0472681  0.000934713   -0.0642415    0.0527656
    0.151462   -0.0883417    0.0484799    0.0290194
   0.0214266  -0.00510661   -0.0113219   0.00538191
   -0.043154    0.0466415   -0.0219027    0.0511203
     -10.372     -3.60547     -12.1748     -19.1423
    0.121305    0.0247235    -0.127926     0.167431
    0.828464     -4.01636       14.813      6.29793
    0.828464     -4.01636       14.813      6.29793
    0.393091    0.0927538     0.161111    -0.222781
    0.788592     -4.02699      14.8791      6.32989
  -0.0398724   -0.0106344    0.0660955    0.0319602
    -3.60709      3.10051     -2.86543     0.354081
     8.80215      2.37906     -9.07663      12.1812
   -0.542532     0.217261      -1.2939    -0.176362
  0.00605451   -0.0146911 -0.000656965   -0.0119903
    -1.00098     0.244133    -0.722625     0.534197
     -0.3607      4.54819      4.82862      1.16246
   0.0252002   -0.0146297   0.00655441  -0.00959165
    0.130129   -0.0529832    0.0413137    -0.041129
     4.05652     -1.10681      2.39875     -4.67034
 -0.00761199   -0.0100268    0.0520442  -0.00220859
    -6.58513       3.3248     -4.29379      5.65073
      6.6302      -2.8587     -1.70871    -0.919344
   0.0132546   0.00879585   -0.0198443    0.0278381
  -0.0111142   -0.0161477   0.00523958   -0.0208164
   0.0842329    -0.111815    -0.293337   -0.0408678
  -0.0398724   -0.0106344    0.0660955    0.0319602
       8.777      2.39759     -9.05678      12.2371
      6.6302      -2.8587     -1.70871    -0.919344
  -0.0398724   -0.0106344    0.0660955    0.0319602
 -0.00191134  0.000964044   -0.0022452    0.0133772
   -0.105887   -0.0942701    -0.134383  -0.00212953
    -3.14756     -6.27893     -12.8385     -20.2016
    -6.76792      2.74901      2.10461      1.25297
 -0.00284805  -0.00423316   -0.0159013  -0.00550855
     6.76792     -2.74901     -2.10462     -1.25297
  -0.0758893   -0.0940435    -0.107107   -0.0638038
    -6.12764      3.11388      1.75755      2.36611
  -0.0375426    -0.395696      1.05163     0.549451
   0.0477333  -0.00319998    0.0245535   -0.0451629
    -1.37203     0.398446      2.91681    -0.400791
  -0.0273338    -0.014476    0.0257762    -0.014472
    -3.36856     -6.32445     -13.2542     -19.7339
  -0.0486069    0.0659036   -0.0601703  -0.00363111
 -0.00212619  -0.00539789    0.0264088  -0.00854817
  -0.0325127   0.00629874   -0.0485314    0.0559381
    0.254426    -0.127222   -0.0976557    -0.103118
  -0.0865453    -0.108325   -0.0734443   -0.0852352
    -7.27823     -4.24979      8.94963      -12.508
     0.26784     -1.04906      2.84463     -1.11924
   0.0357066    0.0590121   -0.0817377    0.0888217
 0.000675926   -0.0298399   -0.0223779   -0.0334371
    -3.67586     -5.62162     -14.8008     -19.3699
  -0.0139619  -0.00466669   -0.0191864    0.0104604
   0.0316556   -0.0246687    0.0080928   -0.0269611
 -0.00707863    0.0160398  0.000635039   -0.0365004
  0.00546353   -0.0103228   0.00145596  -0.00117474
    0.577841   -0.0561653   -0.0964559     0.313621
    -1.33366     0.873723      3.33696    -0.679871
    -1.02551      1.06442     -1.34372      1.14289
   0.0166373  -0.00209772  3.82067e-05   -0.0150667
  0.00416752   -0.0061562   -0.0409647  -0.00473095
  -0.0575068   0.00986323   -0.0313222    0.0117341
    -1.02551      1.06442     -1.34372      1.14289
    -1.46372      7.47995     -2.36234      1.36117
   -0.902505 -0.000775443      1.68152     0.301199
     1.48308    -0.867951      1.44028     -1.48044
   -0.357805     -9.43882     -13.5476     -17.1123
  -0.0422076   -0.0109051    0.0324212    0.0163783
    0.326732    -0.162208    -0.131821    -0.145698
  -0.0301826    0.0159647 -0.000934365    0.0133482
    0.640121   0.00440212    -0.275769      0.21044
     8.73042      2.43502     -9.30741      12.0829
     1.48308    -0.867951      1.44028     -1.48044
     2.80872     0.709297      12.1529      18.6152
  -0.0207941   -0.0795293   -0.0719687   -0.0601992
 -0.00273831     0.812561     -3.21826      1.49286
    -1.08308      1.13069     -0.48121     -1.72364
     8.15258      2.49119     -9.21095      11.7693
  -0.0130866   -0.0260558  -0.00972715   -0.0122666
    0.807565      -1.6717     -16.5027     -18.4206
    0.807565      -1.6717     -16.5027     -18.4206
     8.31156      1.02693     -26.3695     -6.30846
    -8.31156     -1.02693      26.3695      6.30846
     1.79261     0.574508     -2.21922      2.94348
      5.2647      2.12408      2.87958      -3.8603
    -2.16053     -3.09482      13.5049      6.19855
    0.316989    -0.174435     0.684545     0.725889
    -5.94868     -1.90442      21.4119      6.73469
  -0.0486053     0.120414    -0.281963     0.304127
  -0.0926445    -0.929185      -1.9955    -0.533561
     8.12687      -7.3064     -19.9849     -8.45312
    -5.63857      2.24887      5.81132     0.892617
  -0.0287392   -0.0366452  -0.00351752   -0.0387152
    -2.20048      1.11078     -1.95876     -2.51525
    -5.94875      2.20623      5.43503      1.00811
    -5.89071     -1.78918      21.5091       6.7432
   -0.213114     0.136588   -0.0687929     0.244303
     1.81282    -0.458625      1.79761     -3.78329
     6.02814      1.83302     -21.4235     -6.75795
    0.101129     0.028855    0.0402692   -0.0564076
   -0.223915     0.798524    0.0289764    -0.492492
   -0.043154    0.0466415   -0.0219027    0.0511203
  -0.0210503     0.022039  -0.00515834    0.0164161
     1.02723     0.490205      12.5711      17.8052
    -3.48199    -0.033746     -7.62182    -0.977758
   -0.012824   0.00620556    0.0287817   -0.0336071
  -0.0275436    0.0260479   -0.0264697   0.00829523
     -6.2113     -1.91835      21.2486      6.83666
     6.52166     -7.47943     -8.15072     -23.4327
    -1.46037      0.87826      3.27606    -0.727428
    -7.16967      6.72945     -4.94142      5.19447
  -0.0837749    0.0881143   -0.0946046    0.0536303
  -0.0251071  -0.00335402    0.0327403  -0.00379275
    0.753291     0.396732      13.0923      17.3455
     1.45819    -0.219501      2.28937     -3.35092
    0.655466     0.295584     0.403564    -0.432161
 -0.00557486    0.0104783    0.0329229    0.0085323
   -0.126499      0.15865    0.0996134    0.0677839
    -12.1892      6.67567     -4.53049        5.183
    -1.57467     0.463194      2.91033    -0.366958
  -0.0393206   -0.0397349      0.12803    0.0415984
    0.229369    -0.107391    -0.635226   -0.0802071
     11.3789     -7.07133     -8.56708     -22.4781
  -0.0329157     -0.18738     0.182362      1.21613
 -0.00575894  0.000584027   -0.0283007      0.03533
     18.7071     -4.22706     -16.8496     -11.8694
    -6.42147     -2.03381      21.7425      6.32887
    -2.50589      1.74235      -1.1794      1.47906
     0.10019   -0.0473124    0.0613565   -0.0477994
 -0.00872749   -0.0168534     0.256313   -0.0495242
    -6.42147     -2.03381      21.7425      6.32887
    0.653373     -1.29079     0.501923     -1.06286
  -0.0375426    -0.395696      1.05163     0.549451
     -10.711      5.79768     -7.80325      5.90748
 -0.00365212    0.0139106  -0.00282657  -0.00783924
    0.289541     0.114294     0.395875    -0.413903
     6.73099      2.72815     -7.75773      10.0157
    -5.75681     -1.93377      21.1255      6.87252
     -10.711      5.79768     -7.80325      5.90748
     2.45358       2.7536     -22.7107     -5.77648
  0.00772694    0.0684382   -0.0404716   -0.0433546
    0.192672   -0.0783098   -0.0341435    0.0316117
     6.48179     -5.72592     -11.9042     -18.1949
 -0.00706292  -0.00583989   0.00226259   0.00723309
    -12.2856      6.26087     -4.89292      5.54052
  -0.0127616    -0.002455  -0.00290854   -0.0133149
 -0.00977062   0.00435747   0.00854605   0.00190169
    0.457572     0.196467    0.0965615    -0.337546
     1.51044    -0.446294      1.96068     -3.11121
  -0.0198036    0.0382502   -0.0554371    0.0513705
  0.00419301   -0.0164939    0.0498893    0.0714913
    -1.57467     0.463194      2.91033    -0.366958
 -0.00483929    0.0103666   -0.0190694    0.0165711
 -0.00715394    0.0279281   -0.0269428    0.0116771
     4.14784     -13.4245      19.5899     -7.99083
     -1.7449     0.743638     -1.69265    -0.334273
   -0.350853    -0.753735      3.79053      1.46894
     4.01817        -13.4      19.4032      -7.9725
 -0.00659116   -0.0025275    0.0281841    0.0362239
  0.00916283  -0.00208038  -0.00341681   0.00385941
     1.16155     -1.18016      1.32227     -2.55047
  -0.0262288  -0.00406576    0.0745882   0.00410795
  0.00528785   0.00468146   -0.0219196   0.00784152
   -0.023726   -0.0121857     0.041337     0.012768
    0.129675   -0.0245485     0.186721   -0.0183255
    -10.6816      5.93772     -7.74836       5.7427
 -0.00521036  -0.00410577   -0.0367181  -0.00947437
   -0.129674    0.0245486    -0.186722    0.0183248
   0.0557349    0.0226815  -0.00681642    -0.027865
   0.0115896   0.00850394   0.00576757  -0.00921995
   -0.199451     0.113408    0.0657478    0.0871617
   0.0620246    0.0433268    0.0549628   -0.0243441
    -1.65918    0.0750613      2.11446      2.45341
   -0.151714     0.378958    -0.191783    -0.254658
      5.6134      2.91055     -5.73768      10.6271
    0.337545     0.074226    -0.958026     0.611999
 -0.00344747  -0.00611071   0.00729342    0.0533104
   -0.456082   -0.0926412     0.676354    -0.275979
   0.0630035  -0.00480901    0.0343842   -0.0700108
  0.00297072    0.0113986   -0.0230264    0.0157903
  -0.0943544    0.0562681     0.069237   -0.0147432
    0.820883       2.7771     -11.6661       9.7404
  -0.0626077     0.105548    0.0610741     0.049413
  0.00328308   -0.0254225   -0.0398077   -0.0275038
  0.00673716  -0.00455851  -0.00494875   -0.0204134
     6.79029      2.21783     -8.18898      10.3138
    0.111888    -0.200037   -0.0812203   -0.0941226
 -0.00278008   0.00290484  -0.00482568    0.0100631
    -1.23501     -3.77002      20.7446      3.21141
    0.820883       2.7771     -11.6661       9.7404
    -5.91931      2.56185      -3.4054      1.99046
    -1.65918    0.0750613      2.11446      2.45341
    0.591516     0.124816    -0.557732     0.514566
    -1.57467     0.463194      2.91033    -0.366958
  -0.0100249  -0.00781862   0.00381043    0.0025982
    0.265713    -0.199693    0.0265124    -0.284727
 -0.00838512   0.00668477   -0.0238322     0.026718
     7.34125     -9.61134     -2.82878      -13.307
    -2.96977     -5.40234      10.9721     -10.6433
  -0.0254675    -0.364051    -0.147462    -0.384849
     2.96977      5.40234     -10.9721      10.6433
      3.9257    -0.404895      2.20081     -4.07428
  0.00991198  -0.00892854     0.106388   -0.0164263
    -1.63382     0.442085    -0.146061     0.227154
    -10.4108      2.72166     -9.80811      1.67614
     2.92452      5.40044     -10.9336      10.6677
   -0.011005  -0.00610289  -0.00130064   -0.0126224
     3.28695    -0.816626      1.57928     -1.10284
   0.0148947   -0.0131895   0.00222246   -0.0122483
   -0.267482     -1.12126      3.12284      1.91277
   0.0314821   -0.0201141   -0.0169848   -0.0176773
  -0.0697376    0.0172824   -0.0233856    0.0184241
    -3.82131      3.25377     -2.71708     0.429921
   0.0247017   -0.0253536     0.010642    0.0705969
  -0.0275764    0.0213298  -0.00605304   -0.0283894
  0.00417984   0.00163434   -0.0170885  -0.00597955
     6.30129      2.68613      3.24449     -4.09101
  -0.0429677    0.0545721   -0.0140156     0.130267
     2.92372       5.4697     -10.8676      10.7681
    -10.7122      2.95973     -10.2861     0.627009
   0.0488153   -0.0173679    0.0590222   -0.0373023
    -2.92372      -5.4697      10.8676     -10.7681
      7.7885     -8.42943      21.1537     -11.3951
 -0.00521036  -0.00410577   -0.0367181  -0.00947437
  0.00774086   -0.0215516    -0.038503   -0.0163414
  0.00731264  -0.00493844   0.00356864   -0.0175817
   -0.410829   -0.0907487     0.637867    -0.300351
      -10.64      2.54016     -10.5069     0.864843
      -10.64      2.54016     -10.5069     0.864843
    0.386386     -2.18658      -1.0984     -3.90142
   0.0155937   0.00478264    0.0108262   0.00758985
     1.89433    -0.877029      1.79407    -0.056663
    -8.20879     -11.1381      4.58364     -8.45977
     6.30129      2.68613      3.24449     -4.09101
    0.386386     -2.18658      -1.0984     -3.90142
  -0.0153481  -0.00654344   0.00426709    0.0136397
     3.19234     -4.34035      12.9293      4.22106
   0.0267808   0.00970306    0.0124267   -0.0201053
   0.0601406     -0.28306     0.107983    -0.242381
     3.19234     -4.34035      12.9293      4.22106
      -10.64      2.54016     -10.5069     0.864843
  -0.0262269   -0.0190238   0.00980605   0.00838766
    -1.04021    -0.103353      -1.5455    -0.450242
    -8.22295     -11.1517      4.59796     -8.44891
    -8.22295     -11.1517      4.59796     -8.44891
   0.0476983   -0.0318558    0.0204863    -0.038112
    0.010877  -0.00114752   0.00649136  -0.00975077
     4.08978     -3.01507     -1.43143     -2.87357
  0.00328308   -0.0254225   -0.0398077   -0.0275038
   -0.026404    -0.437578       1.1473     0.646658
   -0.563928     0.215958     -1.33359    -0.125419
  0.00729086   -0.0478952    0.0867348    0.0714327
  -0.0260509   -0.0207704  -0.00797883  -0.00987363
   -0.121376     0.315984    -0.421183    -0.221391
  -0.0163698     -1.64403     -3.95746    -0.914736
 -0.00180627   0.00219808    0.0103083    0.0100788
    -1.06224      2.98653      3.04214      1.79268
  -0.0476793   -0.0426801      0.19974    -0.189166
    -4.35384      5.24754     -7.27682     -3.19602
     0.16997    0.0268339     0.154546    -0.142798
     1.00023     -0.66784    -0.107563    -0.841485
 -0.00323321  9.41152e-05   -0.0465222    0.0472918
   0.0114825   -0.0252226    0.0152561  -0.00982833
  0.00328308   -0.0254225   -0.0398077   -0.0275038
  -0.0475039     -4.79606      20.6457      4.35277
    -5.02171      5.02863     -1.72532      1.29152
  -0.0222171    0.0354007    0.0448492   0.00323222
    0.591516     0.124816    -0.557732     0.514566
    -3.82512      2.04833     -4.68923     -2.14307
  -0.0131223    0.0166463   -0.0104084   0.00454205
    0.147511  -0.00678625    0.0771117    -0.247145
     0.13819   -0.0261418    0.0113545   -0.0108077
     1.72935       7.2049      -9.8497      11.6025
 -0.00872749   -0.0168534     0.256313   -0.0495242
  -0.0111053   0.00178467   0.00571027    0.0110702
   0.0113022  0.000840209   0.00333085   0.00276175
    0.575148    -0.179087     0.710165     0.234103
  0.00911569  -0.00197926   -0.0124441   -0.0106811
    -1.72935      -7.2049       9.8497     -11.6025
    0.370855    -0.111214     0.171816   -0.0751212
     6.88251     -16.0494      17.5433     -13.6891
     2.72593     -1.80108      2.85138     -3.44677
     11.5456     -13.2782      22.8767     -15.2904
  -0.0715017     0.422717     0.185153    -0.259686
    0.147226    -0.261595    0.0942864    -0.116362
  -0.0075621   0.00502535   -0.0193235 -0.000665802
 -0.00107883  -0.00878913    -0.021538    0.0014126
   -0.273857     0.215773    -0.159653    0.0709242
    0.110053    0.0159151    -0.107911     0.137499
     11.9114     -13.4856      22.8434     -15.0358
    -2.80329      1.25132     -3.04492     -1.72255
     1.01355      7.23928     -9.14347      10.8644
     8.55818     -8.36677    -0.820235     -13.5301
    -1.29001       1.6774      0.86335     0.866275
   0.0128171   -0.0776368       0.1803     0.125209
     4.63348      2.77029      5.32049      -1.5912
   0.0459049    0.0723351   -0.0148736   -0.0655472
   -0.176613     0.147898     -0.13281    -0.010492
     14.0355     -12.7117      16.1305     -16.7989
     1.75692     0.409063     -1.66625      2.19347
   0.0155106   -0.0123771  -0.00225278  -0.00809562
   0.0749468    -0.327677     0.909459     0.157314
   0.0110637    0.0631602      0.05699    -0.146202
 -0.00274036    0.0191371    -0.215562    0.0277549
    -0.11332    0.0135992   -0.0923161  -0.00157745
    0.575148    -0.179087     0.710165     0.234103
    -0.14758     0.015577    0.0281581    0.0284666
     17.0592     -14.0724      19.3163     -15.3114
    -3.59466      7.74942     -5.17676      10.7271
    0.282153    -0.149733   -0.0626043    -0.199818
      13.355     -13.1798      17.4143     -17.0859
     2.45818     -4.07615       13.968       4.1574
    0.173554      0.37617     0.227857     -0.36393
    -1.07958   -0.0856351     -1.52148    -0.428416
     3.21607     -4.34383      12.9511      4.20409
     9.46039     -14.2143     -1.61558     -18.5848
    0.615128     -1.29576     0.471811     -1.03452
  0.00207502    0.0158922   0.00398583  -0.00139603
      1.1919    -0.344112     0.501014    -0.212518
   -0.410829   -0.0907487     0.637867    -0.300351
   0.0154682 -0.000753494    0.0221116   -0.0161213
    0.119654   -0.0059628    0.0524344     -0.15106
    -10.6094      5.16832     -11.1228      6.03406
 -0.00134813   -0.0115073    0.0156173   0.00311078
    0.085876   -0.0413479     0.109304   -0.0611704
    -13.9171      14.4379     -24.6178      15.2509
   0.0838666    -0.270875    0.0666464    -0.255149
    -13.9205      14.4383     -24.6143       15.248
     13.9205     -14.4383      24.6143      -15.248
    -13.9205      14.4383     -24.6143       15.248
  0.00355173    0.0108951   -0.0254823    0.0131756
  0.00993553   -0.0164528   -0.0186793   0.00403254
    -13.4589        6.342     -14.0818       4.6073
   0.0149611  -0.00775943   -0.0739373   0.00356999
     5.72887      2.65716     -8.95249      9.19178
  -0.0498598    0.0155571    -0.043541    0.0229756
     5.72887      2.65716     -8.95249      9.19178
     5.72887      2.65716     -8.95249      9.19178
-0.000489637    0.0696666    0.0920978   -0.0293374
     9.28897     -17.3328      18.8834     -13.6889
     13.9224     -14.5625      24.2039     -15.2801
    -3.24601      1.40649      5.07149     0.555198
  -0.0232533   -0.0156761   -0.0320451   0.00102898
     5.72492      2.72774     -8.67905      9.18237
  -0.0389697   -0.0079399    0.0480096  -0.00123776
 -0.00114207   -0.0041617    0.0197224   0.00286868
     6.48539      2.09342     -7.14391      9.61696
     13.9224     -14.5625      24.2039     -15.2801
   0.0139418    0.0017898   0.00207873    0.0227594
    -11.1995      5.38996     -10.6005      6.47722
    0.123032  -0.00961659   -0.0454774   -0.0452468
  -0.0458349    0.0209148    0.0662452  -0.00310881
   0.0095481  -0.00859068    0.0159219  -0.00623295
  -0.0327201    0.0182761     0.118122    0.0286296
   -0.398861     0.204166     -1.13828    -0.144099
    -16.5846      10.7397     -12.3976      7.61368
     1.07084     -5.86823     -1.51553     -4.83664
  -0.0173531     0.100658    0.0398209    0.0478711
     16.5846     -10.7397      12.3976     -7.61368
     3.64428      4.01779     -12.2885       8.2444
     12.9394      -14.747      24.6812     -15.8581
  -0.0832222    0.0136877     0.109382    0.0499069
    0.489449    0.0960038    -0.426582     0.606252
  -0.0364261     0.035774   -0.0177728    0.0102578
     16.6834      -10.725      12.3496      -7.5515
   -0.198311    0.0704737     0.340459   0.00715132
   -0.099273     0.127741   -0.0164543    0.0589101
     11.6878     -13.5221      6.80932     -5.96535
 -0.00511818    0.0821652   -0.0332918    0.0680738
     1.06586     -5.84036     -1.53652     -4.75173
  -0.0170143   0.00802499   0.00802243    0.0327554
   -0.299488     0.175669   -0.0788193     0.173404
 -0.00872749   -0.0168534     0.256313   -0.0495242
 -0.00761199   -0.0100268    0.0520442  -0.00220859
      3.4905     -0.87477      1.77099     -1.10643
   -0.488045     0.163956     0.902492    -0.133245
 -0.00966304   -0.0818748     0.210786    0.0541022
   0.0129328   0.00291804   0.00589989   -0.0055953
    -1.64476     0.088567      2.10086      2.48559
   0.0262392   0.00289106    0.0121531  -0.00512627
    -1.64476     0.088567      2.10086      2.48559
  -0.0461764  -0.00620948    0.0087738  0.000279414
    -6.82095      9.84824    -0.310649      18.3382
     6.82095     -9.84824     0.310648     -18.3382
 -0.00952447  -0.00171251   -0.0124001  -0.00648616
     6.82095     -9.84824     0.310648     -18.3382
    -6.82095      9.84824    -0.310649      18.3382
  -0.0873963  -0.00981013     -0.13984   -0.0611156
  -0.0267429    0.0257796    0.0298883  -0.00616457
     7.82019      2.71848     -7.06666      10.5466
    -1.64476     0.088567      2.10086      2.48559
    -4.90413      1.76862      6.98455      0.13519
  -0.0787755     0.203355    -0.125557   -0.0510235
    -2.00596      1.39101    -0.670524    -0.905141
     6.80907     -9.85093     0.351815     -18.3327
   -0.045253  -0.00189249    0.0384877    0.0243723
     1.36907     0.474835     -1.77056      2.33186
  -0.0577421   -0.0427744     0.181399    -0.167531
   -0.546755    0.0876188     0.784337     0.481586
    -6.80907      9.85093    -0.351816      18.3327
   0.0333878 -0.000219729    0.0172059    0.0253475
    -7.71062       10.019    -0.760586      19.0164
     6.27732       2.6922      3.21473     -4.07682
    0.231572    0.0237758    -0.193963     0.276231
    -1.64476     0.088567      2.10086      2.48559
    -7.71062       10.019    -0.760586      19.0164
     9.00893     -9.87133      2.52303     -18.4767
   -0.675022     0.165927      1.25559     0.487557
  -0.0365014   -0.0454203   -0.0245068   -0.0217893
  -0.0193125   -0.0627332   -0.0427989   -0.0420193
   -0.322064   -0.0536333     0.272729    -0.164382
   -0.011048    0.0103121   0.00126746  -0.00504961
     3.08431      7.42974     -11.9393      8.06439
   0.0234485   -0.0719025    0.0329189   -0.0283622
  -0.0122154  -0.00247082  -0.00824371   0.00520581
      5.7156    -0.459943      5.44643     -9.45928
  0.00238156  0.000599313   0.00820561   -0.0213264
   0.0247195    0.0161633    -0.036143    0.0470758
     6.94754      2.32271     -6.99002      10.5277
    0.350877     0.135643     0.313272    -0.565287
  -0.0123049   0.00798444  -0.00791136   0.00806459
     6.93606      2.32025     -6.97897      10.5469
   -0.013949   -0.0201241    0.0213849  -0.00865945
  -0.0530669   -0.0629634     0.174103    -0.065965
    0.322369    -0.183177     0.712152     0.733477
 -0.00523637  -0.00363384   0.00904022     0.016575
    -1.29832    -0.147621     -1.76244    -0.539695
    -2.53168     -2.72074     -9.11933     -1.03424
    0.575148    -0.179087     0.710165     0.234103
   0.0520925   -0.0604659    0.0220743   -0.0159392
  0.00171066  -0.00398808  -0.00300607  -0.00556525
    0.617475     -1.22824      2.03461     -2.63836
   0.0630035  -0.00480901    0.0343842   -0.0700108
  -0.0680713     0.422319     0.181663    -0.256746
  -0.0281424   -0.0428087   -0.0175144    -0.025057
    -3.06429     -2.76389      20.0439      4.97718
  -0.0022449   -0.0575457    0.0827438  -0.00956866
    -3.04853      5.29464    -0.198091     0.816435
  0.00517398    0.0016394   -0.0502155    0.0234706
  0.00388776 -0.000387213    -0.015105   0.00942025
 -0.00645155  -0.00604503   0.00435122  -0.00919789
  -0.0830059     -1.53938     -3.25004    -0.686923
    -6.20107     -4.05311      -18.275     -6.03183
  0.00781685  -0.00308238 -0.000289407   -0.0125609
   0.0202439   -0.0345806   -0.0119431   -0.0195014
    0.195683 -0.000456261   -0.0390226   -0.0488301
     6.63366      1.93182      -7.0855      9.72209
    0.578504     0.245881    -0.842296     0.993377
   0.0449116   0.00467728 -0.000148129  -0.00755156
     1.06798     -0.31366     0.482368    -0.269562
   0.0805151      0.10393   -0.0719844    -0.116752
    -2.65105      5.55315      1.47414    -0.694053
    -1.39663    -0.553924     -2.59716    -0.133792
     -11.928      5.57769     -8.96611      5.81181
 -0.00091817   0.00460294    0.0243243   -0.0130932
    -2.65105      5.55315      1.47414    -0.694053
    0.575148    -0.179087     0.710165     0.234103
    -1.29832    -0.147621     -1.76244    -0.539695
    -1.29832    -0.147621     -1.76244    -0.539695
   0.0143687  0.000896433  -0.00917975    0.0167187
    -0.23015     0.201992     0.828796     0.431264
  0.00194239  -0.00636083   -0.0448586    0.0218827
   -0.023726   -0.0121857     0.041337     0.012768
  -0.0267355  -0.00560702    0.0127437   -0.0115983
  -0.0389925  0.000534009    0.0569777    0.0589573
    -7.73825     -3.52037     -17.8855     -6.55791
  -0.0108854   -0.0199582    0.0541481   0.00981786
 -0.00229193   -0.0254403    0.0713585    0.0114071
  0.00537791  -0.00220458   0.00276209  -0.00798802
   -0.904772     0.172913    -0.437955     0.763072
 -0.00892923    0.0149805   -0.0375978    0.0104895
   -0.569151     0.797095     0.348669     0.508628
  0.00954259    0.0013291  -0.00362333  -0.00157876
   0.0110637    0.0631602      0.05699    -0.146202
    -11.8712      5.52783     -9.36112      5.65214
  -0.0476793   -0.0426801      0.19974    -0.189166
    0.354083    0.0812556     0.358803    -0.491113
  -0.0133599 -0.000580585   -0.0025419   0.00743226
    0.071237    -0.127559    0.0105212    -0.118895
    0.354083    0.0812556     0.358803    -0.491113
   0.0231254  -0.00724481    -0.008599  -0.00597825
     5.76554     -3.45459     -21.3086     -2.72876
   -0.656272    0.0177601     0.781418     0.686314
   0.0871503    -0.297514    0.0203358    -0.289192
    -5.13887      1.01302      5.80086   -0.0945188
    0.575148    -0.179087     0.710165     0.234103
  0.00709968   0.00273113   -0.0244748    0.0112145
  0.00239568    0.0028216   -0.0105163  -0.00780577
   -0.253728     0.159559    -0.329903     0.263254
   0.0139722   -0.0233772   -0.0354372   -0.0290004
    -11.8449        5.553     -9.39931      5.64456
    0.292892    -0.184319     0.714991     0.688792
    -2.09587     -3.40489      19.9808      5.13184
 4.19928e-06   -0.0111204   -0.0127977  -0.00813505
     6.25237     -1.71288      4.68935     -6.04688
    -5.96094      1.26039      7.00097     0.391404
     -2.5976      5.58162      1.53527     -0.74109
  -0.0111142   -0.0161477   0.00523958   -0.0208164
  -0.0211058  -0.00259275   -0.0201489   0.00348046
  -0.0283548    0.0874348    0.0395094    -0.116806
     4.21104     -8.67737      6.66976      2.55237
   -0.526174     0.174088      0.22269     0.225194
   -0.025728    0.0335339    0.0411037   -0.0165856
   -0.165001    -0.657704    -0.308297     -0.67861
    0.117188    -0.129713    -0.115093    -0.103382
    0.482618     0.137133     0.140524   -0.0969018
  -0.0358738   0.00221416    0.0314358    0.0254319
  -0.0319853   -0.0531513    -0.127512     0.045176
     13.2957      3.82948     -5.19771      6.19242
  -0.0160943    0.0166462    0.0527374    0.0118326
   -0.884507     0.726057    -0.986792   -0.0222208
     2.69765     -8.52067     -5.19303     -7.39305
   0.0449649    0.0156471   0.00500297  0.000175163
  -0.0564495     0.429043      0.16766    -0.250057
    0.320003      0.13237    -0.681395     0.610827
     2.79951      -12.455     -10.6414     -9.23025
   -0.181443    -0.319529     0.567125      0.45085
    -2.86575      5.96292      2.26366     -1.77042
   -0.691386      0.26847    -0.728548    0.0809207
     11.5763      2.34963      7.49585      -11.375
    -0.23015     0.201992     0.828796     0.431264
    -20.6885      1.27015     -13.5263      -5.2033
   -0.211625     0.161777    -0.127399     0.135094
     9.17267     -3.58331      5.80192      16.8011
     12.7602      1.11507      7.68714     -9.70663
   0.0488153   -0.0173679    0.0590222   -0.0373023
    -6.26908      1.47567      7.90395     0.792145
     19.7221      4.60227      13.3572      1.38806
    -1.24431      1.19809    0.0372314     -1.89116
    -19.7221     -4.60227     -13.3572     -1.38806
  -0.0682471     0.310653    -0.126734    -0.298668
  -0.0364532    0.0147464   -0.0110728   -0.0261124
    -4.26541     0.368429     -5.40989    0.0473165
     0.15401    -0.408315    -0.312729    -0.328289
     2.18076      2.81686      14.9401      10.6656
   -0.012824   0.00620556    0.0287817   -0.0336071
     5.06543     -9.66673      4.16811      1.60022
   0.0449116   0.00467728 -0.000148129  -0.00755156
  -0.0199839    0.0111539   0.00283783    0.0173446
    -7.51339      2.67376      7.94118     -1.09902
   0.0355071  -0.00833158    0.0214537   0.00211043
    -7.51339      2.67376      7.94118     -1.09902
    -10.3096      5.91295     -7.23339       4.5667
 -0.00272193  -0.00282888   -0.0134387  -0.00940228
   -0.972105     0.272083     -1.57179   -0.0535099
    -1.58039     0.214722    -0.611662      0.52068
  0.00200236   0.00106424  -0.00492437    0.0107111
     3.75762      5.91935      14.3217      -9.6616
     3.76272      5.92711      14.3094     -9.67949
     15.8178      -6.3384      11.3349     -6.44441
    -15.8178       6.3384     -11.3349      6.44441
     3.78246      5.92141      14.3181      -9.6812
  -0.0742262     0.125753    -0.030122    0.0654752
   0.0708024    0.0355103    0.0298505   -0.0566237
    -1.39662     0.375728     0.242789    0.0899605
    0.235224    -0.100072    -0.138497    -0.117707
    -15.8785      6.35978     -11.3359      6.45644
    0.253524     0.108984    0.0526747    -0.162556
   0.0425277   0.00130751    0.0299895    0.0157251
   -0.157641     0.102768    -0.124532  0.000817321
    -9.30463      11.5905      6.12397     -4.53735
    -9.24501      11.5674      6.19824     -4.63914
   -0.502244    -0.113502    -0.603608    -0.257698
   0.0139722   -0.0233772   -0.0354372   -0.0290004
    -2.89837      6.18541      2.57276     -1.05225
     8.12167       1.4243     -6.89118      9.23217
   0.0132612   -0.0195512    0.0328501   -0.0293201
    -9.24098      11.5776      6.17364     -4.65355
  -0.0152906 -0.000342114   -0.0157088   0.00582058
   -0.721095     0.125561     -1.33925     0.911577
   -0.458523    -0.150413    -0.169388    -0.119937
      -1.566    0.0266787     -2.01991    -0.387314
    0.024858   0.00649498   0.00774112   -0.0142686
  -0.0351244    0.0119342   -0.0214479    0.0258908
     1.86777     -1.99598      1.47268    -0.988888
     15.0559     -18.2362     -5.07471      5.19212
    0.102101   -0.0809419    0.0295502   -0.0637765
   -0.026235     0.017737  -0.00844773  -0.00623526
   -0.171023    -0.916091     -0.42799    -0.817221
     1.86777     -1.99598      1.47268    -0.988888
    0.354083    0.0812556     0.358803    -0.491113
 -0.00220797  -0.00309741   -0.0167174   0.00938804
  -0.0213547    -0.215504     0.258934      1.11448
    -2.16686      3.31921     -1.88791    -0.171557
     15.3753     -18.0814     -7.33748      6.30373
   -0.157026     0.143022    -0.129148   -0.0124555
    0.213676    0.0620054    -0.257619     0.342967
     3.37135      5.74536      13.7137     -10.3312
-0.000489637    0.0696666    0.0920978   -0.0293374
  -0.0162101   0.00611569    0.0142783     0.032449
    -1.20734     0.110815      1.22985     0.010478
     14.1302     -18.0454     -6.04527      8.19963
  -0.0127469   -0.0221134   -0.0236281   0.00532008
    0.150522    0.0226207     0.170813    -0.178054
    0.379008   -0.0423742  -0.00877514      0.19613
    -1.81249    -0.638699     -2.84112     0.133121
   -0.535196    0.0822248     0.794192     0.478505
  0.00877381 -0.000606615   -0.0107017   -0.0120722
    0.507795      11.9418      16.3385     -11.4859
   -0.014989  -0.00760743    0.0107445  -0.00776292
  0.00715777   -0.0127126   0.00129735   -0.0106017
    -7.55287      2.56992      7.41649      -1.5665
     12.7061     -17.4116     -7.55587      8.99862
    0.058473    0.0133415    0.0381882   -0.0262929
     15.0251     -18.5751     -8.05055      6.75764
   0.0233844   -0.0646508   -0.0728376   -0.0365886
    0.855111    -0.570101      1.57837     0.984224
 -0.00930194   -0.0109924     0.011381  -0.00319532
     2.39039      6.91594      13.1453     -10.0699
   -0.305909     0.792231   -0.0360771     0.339303
   0.0266064   -0.0106019   -0.0193996  -0.00024582
   -0.394029     -1.00566      3.50026      1.10421
     0.66198     -1.25246     0.302835    -0.799101
     0.66198     -1.25246     0.302835    -0.799101
    -7.02485     -1.85177     -25.7227      5.29821
    -14.0593      5.60694     -6.87722      4.19628
 -0.00423294   0.00637801    0.0113361   0.00503869
  -0.0194664   -0.0453687   -0.0301793   -0.0633173
    -0.79844     0.319104    -0.779582     0.034903
   -0.879822     0.183847    -0.453762     0.733237
     9.55413     -13.7503      -19.406      4.17193
   -0.542029     0.256928     0.326394     0.412846
     9.55413     -13.7503      -19.406      4.17193
    -3.45641       3.9825     -11.7936     -5.17545
     5.12028     -3.47656     -1.25807     -3.36061
    -0.79844     0.319104    -0.779582     0.034903
  -0.0162787   0.00320088   -0.0059758  -0.00680293
   -0.310398    0.0473126     0.224978    0.0470434
     9.80274      3.48814      8.25071     -11.0068
     10.4228      3.47519      7.72145     -8.30141
    -1.10435      1.11133    -0.815659     0.374206
    -20.9991      6.64124     0.733468     0.661475
     8.39067     0.626409     -9.50587      9.82694
   0.0058263   -0.0296446   -0.0857847     0.050268
   -0.642056     -3.12488     -1.70339     -2.75357
   0.0111386   -0.0418821    0.0956738    0.0972064
     -7.4976     -10.9475     -6.37868      10.3879
      7.4976      10.9475      6.37868     -10.3879
     -7.4976     -10.9475     -6.37868      10.3879
  0.00334563   -0.0483078      -0.0324    -0.055229
     -7.4976     -10.9475     -6.37868      10.3879
      7.4976      10.9475      6.37868     -10.3879
     7.29386      11.0273      6.22277     -10.4642
  -0.0070049 -0.000595534  -0.00434332  -0.00824682
    -20.5538      7.64225     0.998965     0.790858
     8.42311       9.9067       7.0672     -10.8715
   0.0109481  -0.00247317  -0.00176839   0.00404177
     -1.3104    -0.403571     -1.41375    -0.223513
    -2.82045      16.1887   -0.0475851     -8.54237
   -0.192815     0.367417     0.108648    -0.208656
     2.82045     -16.1887    0.0475839      8.54237
   -0.823337     0.328386    -0.808354    0.0679775
     2.82045     -16.1887    0.0475839      8.54237
    -2.82045      16.1887   -0.0475851     -8.54237
     -1.7632     -0.21733     -1.18313   -0.0353545
     8.74644      9.89269      7.00652     -10.9951
     15.3659     -18.8774     -8.32399      7.12566
    -2.09512     0.195437      1.10119      2.54507
    -1.26904      1.28996     0.186156     -1.91642
    -2.35016      16.0629     0.153917     -8.81232
     2.35016     -16.0629    -0.153918      8.81232
     13.2707     -18.6819      -7.2228      9.67073
     8.74644      9.89269      7.00652     -10.9951
   0.0095481  -0.00859068    0.0159219  -0.00623295
     4.55247     -4.94055      12.2255      4.65467
     0.09017  -0.00425583    0.0503878   -0.0159159
     8.46511     0.330553     -9.22339      9.71098
    0.311879   -0.0549359     0.502403    0.0184185
    -6.37975      3.67765     -2.05371      2.51341
     3.91048     -15.8306     -1.15353       8.7854
   -0.728984     0.175527     0.284749     0.296654
    -1.27042     0.240016     0.773777     0.617217
     14.8562     -18.4681     -8.24226      9.58786
   -0.891284    -0.846572     -1.26821      0.30505
     -1.3104    -0.403571     -1.41375    -0.223513
    -3.91048      15.8306      1.15352      -8.7854
    0.174985    -0.136323    0.0615612    -0.158066
    -1.45841      14.9407      0.96426     -9.06373
    -13.3751      3.60738       7.4028    -0.469438
  -0.0116841   0.00374339   0.00907894   0.00260901
     14.8335      -18.548     -8.36706      9.53317
   -0.025728    0.0335339    0.0411037   -0.0165856
    -13.3751      3.60738       7.4028    -0.469438
   0.0171839   0.00563033   -0.0179475     0.035142
    -14.8335       18.548      8.36706     -9.53317
   -0.533826   -0.0984004     -0.87786     0.453719
   0.0072469 -0.000709743    0.0309213    0.0103273
    0.399351       14.637      1.74647     -9.79749
    -1.69681     0.221574     0.964074      2.51965
  0.00041917   0.00140878  -0.00223328  -0.00750406
  -0.0268677    0.0364891    0.0158901    0.0142468
    -1.53015      0.82526     -1.35017    -0.252926
  -0.0494866    0.0310373   0.00360525    0.0101467
    -8.10958        4.746     -5.22596      1.04173
   -0.106629    0.0822921   -0.0410173    0.0591923
   -0.192815     0.367417     0.108648    -0.208656
     5.27623     -4.94312      12.4616      4.52842
   0.0844507   -0.0355355   -0.0175738   -0.0511477
     11.9995     -18.0539     -7.87239      10.9175
  -0.0177581    0.0170338   -0.0141699  -0.00198072
    -2.42939     0.969859     0.314059     0.333016
   -0.103825   0.00274405    -0.182837    0.0225621
   0.0630035  -0.00480901    0.0343842   -0.0700108
   0.0160194    -0.014375  -0.00613367   -0.0143806
    -1.27042     0.240016     0.773777     0.617217
     11.9995     -18.0539     -7.87239      10.9175
   -0.463193    -0.470438    -0.661173    -0.311497
    -12.0391      18.0558       7.4199     -10.9206
   -0.118134   -0.0355818     0.197616    0.0602281
   -0.192815     0.367417     0.108648    -0.208656
   0.0171421    0.0185121   -0.0130552   -0.0224701
  -0.0286024   -0.0496292    0.0903898     0.123275
  -0.0263975    0.0149952  0.000342552   0.00953172
    -1.27042     0.240016     0.773777     0.617217
  -0.0888897   0.00351825     0.105004 -0.000263555
     8.93898     -13.7404     -23.7933      2.78681
   0.0917062  -0.00913702    0.0209886     0.041929
   0.0520925   -0.0604659    0.0220743   -0.0159392
   -0.211625     0.161777    -0.127399     0.135094
    -1.27042     0.240016     0.773777     0.617217
     4.96118      9.34751      4.37184     -9.71934
    -1.66998     0.219961      1.40894      2.51662
   -0.219562    0.0171483    -0.297528     0.299459
     4.96118      9.34751      4.37184     -9.71934
    -3.36223       5.4727     -1.01627     0.365887
    -14.5494      7.60694       4.4717      1.17411
   -0.444824     0.479333     0.358969    -0.858286
  0.00700249  -0.00768926  -0.00139256  -0.00144139
     1.39069    -0.970318    -0.154392     -1.02255
   -0.458523    -0.150413    -0.169388    -0.119937
     0.54144    -0.997325      1.74502     0.584309
     19.1464     -9.33184     -6.96726     -2.39742
    -19.1464      9.33184      6.96725      2.39742
     14.1852     -18.6793     -11.3391      7.32192
    0.998378    -0.654755    -0.119073    -0.841003
    0.103216    -0.106336   -0.0796555   -0.0743821
  0.00899605  -0.00677405   0.00558994  -0.00253972
   -0.203389    0.0758062     0.310732     0.025016
  0.00957267   0.00983101   0.00968334   -0.0186806
   -0.194115     0.136473    -0.255632     0.161463
  -0.0425338   -0.0367877     0.165787    0.0759879
     19.1464     -9.33184     -6.96726     -2.39742
    -0.50444     0.053754     0.804702     0.437881
     19.1597     -9.33895     -6.97632     -2.40748
  0.00908921   -0.0101206  -0.00753132    -0.021123
  -0.0126304   9.2373e-05   -0.0210645   0.00695565
    0.387559    0.0250293    -0.126677  -0.00589509
   -0.877637     -16.0976     -3.14145      11.0898
   -0.877637     -16.0976     -3.14145      11.0898
   -0.542029     0.256928     0.326394     0.412846
    -2.00239    -0.260007      2.40165      2.34937
   -0.851409     -16.0935     -3.21604      11.0857
    0.370855    -0.111214     0.171816   -0.0751212
     0.49744      16.0818      3.30419     -11.0354
   -0.884998     -16.1068     -3.17751      11.0413
    -0.87919     0.319706    -0.728045     0.122322
    0.884998      16.1068      3.17751     -11.0413
   -0.884998     -16.1068     -3.17751      11.0413
    -10.6386      11.6301      -3.7542    0.0593897
    0.387559    0.0250293    -0.126677  -0.00589509
     1.49251      15.6712      4.10836     -10.9034
   -0.437408     0.101301    -0.472176     0.343092
    -1.88007     -15.6962     -3.98168      10.9093
  0.00508948  -0.00477217  -0.00350422  -0.00782657
    -2.00239    -0.260007      2.40165      2.34937
   -0.699448     -4.55597     -2.58797     -3.61635
    -1.39631      1.68142    0.0601836     -1.92257
   0.0326659    0.0470169   -0.0749574    0.0600551
  -0.0336086    0.0763588   -0.0894025     0.109637
   0.0307648   0.00119651    0.0149963   -0.0127848
   -0.101837  -0.00586617   -0.0579859    0.0788607
  -0.0177256   0.00192344  0.000789443  -0.00535746
   -0.566894      15.8743      5.62873     -8.28102
   0.0111841  -0.00473309   0.00278849  0.000187628
   0.0141092  -0.00271267  -0.00888531  0.000715904
     10.0732      4.25536      9.37748     -8.39084
   -0.533826   -0.0984004     -0.87786     0.453719
   -0.896947    0.0635027      1.00487   -0.0365654
   0.0282791    0.0133353    0.0284363   -0.0254128
  -0.0258408   0.00109015   -0.0306617    0.0039574
    0.387559    0.0250293    -0.126677  -0.00589509
    0.584755    -0.214455     0.578601     0.274814
   -0.290083     0.467465    -0.294056    0.0663436
    0.120699      -0.4309     0.631411     0.029366
  0.00101493    0.0077543    0.0112154   -0.0104211
     10.7801     -18.3528     -12.8629       7.0779
    -1.74771    -0.688631      -1.9019   -0.0513107
  0.00328308   -0.0254225   -0.0398077   -0.0275038
     1.12228     0.260242      1.06705     -1.60048
  -0.0276953     -1.21905      -0.1185    -0.445839
  -0.0107347  0.000769375   0.00263073  -0.00192589
      10.683      -18.315     -12.9797       7.1476
   -0.071759    0.0933866    -0.079079    0.0887924
    0.782664     0.065357    -0.327632     0.547254
    0.188002    -0.416797    0.0432949     -0.23586
  -0.0138756    0.0156981  -0.00333289  7.66465e-05
    0.387559    0.0250293    -0.126677  -0.00589509
    0.551302     -1.12493     0.241025     -0.72572
    -0.40422     0.257065   -0.0393135    -0.256065
     10.8982     -18.1816     -13.4867      7.06758
    -10.8982      18.1816      13.4867     -7.06758
    -10.8982      18.1816      13.4867     -7.06758
     11.6891     -18.1899     -14.1293      6.73486
    0.498388     0.128856     0.390384    -0.812432
   -0.508261     -1.17235      2.56079      1.76865
 -0.00545858 -0.000883281     0.045561    0.0593421
     -2.0664      0.23534      1.29765      2.57033
    -10.3783       17.882      13.3098     -7.33164
  -0.0455998     0.106657    -0.111095    0.0176463
 -0.00749332    0.0010848   -0.0189652  -0.00312018
    -1.38744      1.70129    0.0451825     -1.86307
   0.0057146  -0.00868992    0.0329542    0.0785026
    -0.14593     0.060454    0.0575611    -0.013437
    -11.1132      2.35068      9.05803      1.81914
    -0.35639    0.0872841     0.408476     0.054739
   -0.304736    0.0896018     0.502269   -0.0523783
    -0.14593     0.060454    0.0575611    -0.013437
  0.00452418   -0.0165772   -0.0145124   -0.0160417
     -9.2271      17.8149       12.676      -8.6924
     8.83954     -17.8399     -12.5493       8.6983
   -0.439117     0.324097    -0.167024     0.258482
   -0.155642     -3.67711     -6.23039    -0.871364
     8.79186     -17.8826     -12.3496      8.50913
  -0.0259999   -0.0734881   -0.0266822    -0.083364
    0.416669    0.0984298    -0.423947     0.586386
   0.0267037    0.0115982   0.00531748  -0.00791629
     2.02205      15.5177      3.68028     -10.4037
 -0.00966296 -0.000100914   -0.0154273  -0.00906034
     9.01346     -18.6132     -11.6496      8.23289
     12.6109      3.89784      7.49185     -10.5322
   -0.024301 -0.000651878    0.0264491  -0.00779901
   -0.387558   -0.0250292     0.126675   0.00589439
   0.0258411   -0.0625773    -0.152275 -0.000500849
  0.00441951    -0.014626   -0.0101091    -0.014771
     9.40102     -18.5881     -11.7763      8.22699
 0.000406901   -0.0114833     0.024878   0.00525795
    -11.4231      3.07047      8.09599      2.17675
    -9.85954      18.4377      11.6069     -8.34693
   -0.430425      0.14346      0.37781      0.41381
 -0.00862176   0.00325138   0.00245613   0.00529149
 -0.00252783    0.0108575   0.00292823   0.00705013
   -0.644073     0.248513     0.435547     0.654772
  -0.0774623    -0.213298     0.453594    -0.178875
   -0.681042     0.330274      1.14959     0.563247
    -2.12678      4.16794      0.82017      13.0834
    -13.2049      15.6658      -3.1713      13.1325
     12.6253      3.89734      7.43686     -10.5285
    -13.2049      15.6658      -3.1713      13.1325
    0.132419    -0.227369     0.203446     0.831586
    -1.25641    -0.186517     0.999249   -0.0552146
    -12.6441     -3.29183     -9.67016      9.80543
    -4.36775     -14.1503     -4.90508      0.47474
    -12.6441     -3.29183     -9.67016      9.80543
  -0.0188133     0.605517     -2.23329    -0.723102
     12.6253      3.89734      7.43686     -10.5285
    -10.6687       10.924     -4.01457     0.270718
   0.0188139    -0.605517      2.23329     0.723101
    -8.28096      10.8747     -4.76723      9.35076
   0.0188139    -0.605517      2.23329     0.723101
   0.0155106   -0.0123771  -0.00225278  -0.00809562
   0.0110637    0.0631602      0.05699    -0.146202
     1.11937     0.263154      1.07241     -1.59681
    0.579259     -1.13708     0.223478    -0.658536
   0.0188139    -0.605517      2.23329     0.723101
     2.38771   -0.0493486    -0.752655      9.08004
  -0.0188133     0.605517     -2.23329    -0.723102
   0.0022643   0.00307444  -0.00769882  -0.00587923
   -0.219889     0.103718    -0.168996   0.00277657
     1.77923      0.52376     -2.06655      2.64597
  -0.0500551     0.055829    0.0361876    0.0314871
   0.0398588    0.0648001    0.0795875   -0.0221559
    -2.95209    -0.183792     -1.99794      0.34648
    -10.6406     -8.28248     -10.2563     -2.57915
    -1.26514      1.75541     0.837467     0.927652
   0.0142382   0.00821687    0.0100327   -0.0106086
  0.00443126   0.00584215    0.0200277   -0.0030215
-0.000129425   0.00997674    0.0237481  -0.00201243
   0.0745302   -0.0578445    0.0188877   -0.0572771
   -0.681042     0.330274      1.14959     0.563247
    0.111888    -0.200037   -0.0812203   -0.0941226
   0.0488153   -0.0173679    0.0590222   -0.0373023
     -10.316      10.3102     -3.40968     0.691626
  0.00639352   0.00482271  -0.00342125   0.00279667
   0.0221077   -0.0142713  -0.00240553   -0.0167613
 -0.00603678   -0.0167624   0.00408002   0.00888852
     12.9829      4.35732      7.09669     -10.9893
    -2.75272     -14.7737     -3.43941      10.1525
   -0.034954     0.044433   -0.0388931   0.00567786
  -0.0957505    0.0292378   -0.0669037    0.0673068
     16.5926      3.69414      9.46651     -10.9392
    0.125844    -0.701357     0.633061     -0.20894
    -9.84613      10.0332     -3.37523     0.846428
  -0.0262242  -0.00341466    0.0585638    0.0203306
 -0.00967848   0.00680874   0.00320677   0.00737837
     9.28395      1.08506     -7.24301       10.811
  -0.0253409    0.0309273   -0.0720455    0.0574691
    -1.07008     0.171694     0.277896       0.4736
  -0.0325127   0.00629874   -0.0485314    0.0559381
  -0.0317244   0.00390866   0.00444889   -0.0070617
     16.6164      2.94333      8.22824     -9.51219
  -0.0288166    0.0209448  -0.00500399   -0.0122979
     4.95133     -3.14254     -1.77266     -3.09507
    0.217825    0.0159839     0.131694    -0.203996
    -0.44746   -0.0872532    -0.112398    -0.266139
   -0.674938     0.175985     0.258366     0.274657
     9.86042     -9.99767      3.48041     -1.07181
  -0.0895616     0.137849   -0.0704314    0.0296035
 -0.00542376   0.00901371  0.000481379  -0.00710118
   -0.143904      0.18375    0.0976545    -0.293651
  0.00642536   0.00764001  -0.00982951    0.0150055
   -0.318073     -1.31875    -0.295845    -0.540585
  -0.0888897   0.00351825     0.105004 -0.000263555
     3.25602        0.469     -2.49794      3.11351
   0.0253415   -0.0309272    0.0720443   -0.0574698
    0.784891    0.0891458     0.634339    -0.663575
  -0.0253409    0.0309273   -0.0720455    0.0574691
    -2.17597      2.38392     0.653877      11.3238
    -2.17597      2.38392     0.653877      11.3238
    -1.07008     0.171694     0.277896       0.4736
   0.0253415   -0.0309272    0.0720443   -0.0574698
   0.0367917    0.0296263    0.0158862    -0.129617
   0.0916899   -0.0392364   -0.0095194    0.0299777
  -0.0253409    0.0309273   -0.0720455    0.0574691
   0.0772509    0.0331426    0.0435163    -0.055718
 -0.00395879  -0.00751012    0.0158818    0.0155937
  -0.0253409    0.0309273   -0.0720455    0.0574691
     0.16997    0.0268339     0.154546    -0.142798
    0.270995   -0.0565988    -0.469002   -0.0743211
    -3.86181      3.09779     -1.00192      1.61103
  -0.0957505    0.0292378   -0.0669037    0.0673068
  -0.0109948    0.0284392    0.0471543    0.0510444
   0.0514842   -0.0114182    0.0459713   -0.0216846
     24.9063      4.14385      5.05074     -5.64586
  -0.0092881   -0.0386244    -0.158577     0.107921
 -0.00729114    0.0106693   -0.0207601    0.0201531
    -2.43627     -10.4696     -2.27662     -2.09808
     1.11937     0.263154      1.07241     -1.59681
  -0.0641678  -0.00326547   -0.0897354   0.00373838
    0.221595    -0.730594     0.699964    -0.276246
    -1.22167      1.74085     0.851699     0.945625
  -0.0767101    0.0269005    0.0398004    0.0888177
   -0.164485     0.198463     -0.17778    0.0378653
   -0.048212   -0.0164241    0.0553401   -0.0256742
  -0.0253409    0.0309273   -0.0720455    0.0574691
   0.0253415   -0.0309272    0.0720443   -0.0574698
  -0.0320298      0.13792    -0.158191    0.0924264
  -0.0251503    0.0185323    0.0198525    0.0559511
   0.0346867    0.0124434   -0.0610785    0.0963029
    0.197009    -0.656618     0.678134    -0.302412
   0.0253415   -0.0309272    0.0720443   -0.0574698
    0.693945    -0.384604    -0.813198    -0.472849
  -0.0546978     0.044699    0.0199421    0.0116345
  -0.0168086    -0.096107   -0.0190233   -0.0800437
   -0.184102     0.397511    -0.316778     0.564934
   0.0188139    -0.605517      2.23329     0.723101
   -0.143329  -0.00652835     0.035178   -0.0722294
     14.8656       14.096      3.50944     -3.84674
   -0.609401   -0.0252559     0.103554  -0.00682068
   0.0105286  -0.00125615   -0.0127629   -0.0107848
  -0.0565812   0.00840623    0.0115516    0.0231456
    -10.0538      10.1881     -1.61467      1.48428
   0.0100638  -0.00921397     0.016766   -0.0157248
    -14.8943     -14.0746     -3.44828      3.82614
  -0.0253409    0.0309273   -0.0720455    0.0574691
   -0.055415    0.0417277   -0.0298968    0.0100014
     -2.3986     0.211904     0.123555    0.0882678
    0.300813     0.149902       0.1469    -0.187363
    -1.62114     0.217769    -0.608633     0.546899
     15.3093      4.09358     -2.08283    -0.722457
   -0.201706   -0.0396056    -0.465096   -0.0601594
  -0.0152188    0.0154775 -0.000688656  -0.00094506
     24.9734      3.85564      5.13499      -5.3679
   -0.148861   -0.0135654     -0.11214   -0.0126914
  -0.0194664   -0.0453687   -0.0301793   -0.0633173
    0.197009    -0.656618     0.678134    -0.302412
    0.466286    0.0234061    -0.268698     0.394017
     3.01451     0.427306     -3.01832       5.1476
   -0.349348     -1.32502    -0.309445    -0.483071
    -33.1696     -1.11418    -0.589298      3.30419
     3.01451     0.427306     -3.01832       5.1476
    0.197009    -0.656618     0.678134    -0.302412
   -0.149666    0.0464738     0.244135   -0.0177494
   0.0133841    0.0174101     0.034185   -0.0257421
   0.0136308  -0.00957024   -0.0122285  -0.00170487
    -7.20468     -10.4219     -4.37302     -1.12826
    -23.1504     -11.7145      1.61798      1.64684
    -23.1504     -11.7145      1.61798      1.64684
   0.0402801   -0.0124486   0.00749821    0.0260274
 -0.00475121  -0.00679763   0.00832235   0.00618522
    -23.2097      -11.714      1.87491      1.72399
    -23.2097      -11.714      1.87491      1.72399
    -3.10964     -0.47272     -3.90048     0.848221
  -0.0162787   0.00320088   -0.0059758  -0.00680293
    -2.76053    -0.852984    -0.315284    -0.644398
     0.28669    -0.536415     0.980227    -0.261007
   -0.622621     0.258947     0.390294      0.73974
     12.7121      12.0642      6.44268     -1.35893
    -2.76053    -0.852984    -0.315284    -0.644398
     12.7121      12.0642      6.44268     -1.35893
    -2.76053    -0.852984    -0.315284    -0.644398
    -12.7121     -12.0642     -6.44268      1.35893
   0.0038834   -0.0325092   -0.0722978   -0.0102724
     -7.7202       1.2045      8.62225      1.02597
     20.1952      11.2867       1.1434     -6.87159
  -0.0178881  -0.00373959   0.00440093  0.000919385
   -0.502244    -0.113502    -0.603608    -0.257698
  0.00184312  -0.00189111    0.0184914   0.00308064
  0.00994359  -0.00441426    0.0180066   0.00332692
  -0.0395119    0.0293593   -0.0090994    0.0156788
  -0.0174716   0.00493115    -0.018512   -0.0192463
    -2.58049    -0.486498     0.964567      2.00436
  -0.0383724     0.266814    -0.145422    -0.257363
  0.00110763  0.000197072   0.00233339    0.0197295
    -2.58049    -0.486498     0.964567      2.00436
    -2.76053    -0.852984    -0.315284    -0.644398
  -0.0281541    0.0340415    0.0126659   0.00683537
  -0.0092881   -0.0386244    -0.158577     0.107921
   -0.542315     0.178253    -0.386257    0.0466612
     -0.6645     -1.32004       1.1681     0.812458
    -10.3369     -10.8473     -8.57957   -0.0815327
  0.00715777   -0.0127126   0.00129735   -0.0106017
    0.194016    -0.687155     0.704523    -0.377126
   0.0367917    0.0296263    0.0158862    -0.129617
  -0.0071673    0.0144797  -0.00292181   -0.0451112
  -0.0320298      0.13792    -0.158191    0.0924264
   -0.025728    0.0335339    0.0411037   -0.0165856
     -2.3986     0.211904     0.123555    0.0882678
   0.0233177  -0.00371343    0.0108131   -0.0183683
   0.0093125   -0.0822565    -0.166816    0.0272127
 -0.00154203  8.03456e-05    0.0239263  -0.00753381
   0.0105556   -0.0814881  -0.00849289   -0.0660739
     20.2125      12.0291    -0.807954      0.43283
    -3.09666     0.630273     0.126471      2.67705
    -2.72215      -1.1198    -0.169863    -0.387035
-0.000670493   -0.0239162     0.247697   -0.0765497
     23.7578      3.49482       3.8862     -3.68194
   0.0708468    0.0263528   -0.0319738   -0.0659336
  0.00681948  0.000820556  -0.00272538   -0.0101093
   0.0222356    -0.599407      2.22647     0.714155
   0.0129503   0.00637287  -0.00636322   0.00307521
 -0.00712813   -0.0793551   -0.0462452   -0.0192518
     12.5251      11.9215      8.33984     0.178607
    0.114984     -0.42221     0.598457   -0.0491366
    0.250572    -0.391396    0.0804728     0.658448
  -0.0690835     -1.21938     -2.19202    -0.320935
    -3.40929     -0.22616     -2.20619     0.267984
  -0.0169848    0.0271275   -0.0148482    0.0129764
  -0.0317244   0.00390866   0.00444889   -0.0070617
   0.0375785   -0.0438433     0.178619   -0.0336261
  -0.0133946    0.0144563  -0.00465045  -0.00470192
    -2.50628     -4.76662     -1.00708     -2.11854
   0.0244496   -0.0167528   -0.0391355    0.0020711
      20.002      12.0383    -0.702652     0.492952
      20.002      12.0383    -0.702652     0.492952
 -0.00625343   0.00503382    0.0263318    0.0288125
    -9.17086     -11.0612     -8.55563    -0.553122
   -0.317092   -0.0504007     0.276778    -0.157381
     4.75308     -3.00272    -0.935295     -2.94277
  -0.0776455    -0.183721   -0.0172085    -0.221911
      20.002      12.0383    -0.702652     0.492952
  -0.0316802    0.0174773   0.00946291    0.0205578
   -0.191731    0.0878321    -0.347005    -0.626168
    -7.64779   0.00220638       8.9075    -0.158974
    -7.74568      1.80833      6.47432     0.321801
  -0.0162787   0.00320088   -0.0059758  -0.00680293
    -7.64779   0.00220638       8.9075    -0.158974
    -0.19411     0.185634     0.106589    0.0919528
    0.937737        1.071   -0.0845866    -0.281591
  0.00318423  -0.00210423    0.0067335  -0.00805442
    -3.10964     -0.47272     -3.90048     0.848221
  0.00696541   0.00136266 -0.000244769   0.00493286
   -0.937736       -1.071    0.0845854      0.28159
    0.936304      1.08875    -0.137484    -0.296222
   -0.632052     0.259473     0.385651     0.761549
    0.632052    -0.259473    -0.385653    -0.761549
   0.0247017   -0.0253536     0.010642    0.0705969
    0.626398    -0.137128     0.275391    -0.217344
     4.62627     -2.92749     -1.15703     -2.96024
  -0.0337811    0.0157077    0.0816666   -0.0330135
    -11.7349     -8.43051     -12.0042     -1.62477
    -3.10964     -0.47272     -3.90048     0.848221
  -0.0246538   -0.0125937   -0.0801696   -0.0107928
    0.632258    0.0467997    -0.922099     0.784779
     1.91381     0.130972      1.42206      -2.1792
  -0.0118995   -0.0358539    -0.166359     0.141281
  8.3673e-05   0.00344571   -0.0248745    0.0275849
   -0.228597     -2.55495   -0.0414599     -1.66026
   -0.314146     -1.33972    -0.238736    -0.457931
    0.230762     0.105961     0.224331    -0.359699
   0.0302767   -0.0986848    -0.144076   -0.0363846
      -8.342    -0.923998      8.63461     0.911411
 -0.00437157    0.0160768   0.00359783  0.000814116
  0.00493579   -0.0677575    -0.216121    0.0210845
   -0.314146     -1.33972    -0.238736    -0.457931
  -0.0234184   0.00729914   -0.0151568   -0.0173951
    -12.1765     -8.58239     -12.1705     -3.02232
    -7.71354     -1.17087      8.25648     0.161367
     7.71354      1.17087     -8.25648    -0.161367
    0.427555     -1.35268        2.519      1.28854
 -0.00397612    -0.010545   0.00572114   0.00146162
    -2.16765      0.23017      0.92899      3.87842
    -7.71354     -1.17087      8.25648     0.161367
     4.04521    -0.822784      1.88031    -0.650802
    -12.1765     -8.58239     -12.1705     -3.02232
   -0.314146     -1.33972    -0.238736    -0.457931
    -8.03266    -0.198547      8.24594      0.59911
     1.55057     -1.10344      3.59424    -0.300432
   0.0608299   -0.0350765   -0.0466065   -0.0123499
    -8.03266    -0.198547      8.24594      0.59911
     1.55057     -1.10344      3.59424    -0.300432
    -8.29959      1.40488      8.84578      1.83407
  0.00700249  -0.00768926  -0.00139256  -0.00144139
   -0.314146     -1.33972    -0.238736    -0.457931
   -0.314146     -1.33972    -0.238736    -0.457931
  -0.0253409    0.0309273   -0.0720455    0.0574691
    -11.6861      9.85911   -0.0410136      5.31843
     32.1342   -0.0503117       3.4834      -3.6421
    -31.8201      1.39003     -3.24466      4.10003
    0.016542    -0.211039    -0.325929    -0.039157
    -9.51848      9.62894    -0.970004      1.44001
     31.8233     -1.26394      2.95478     -4.21397
    0.823975     -1.44648      2.64944      1.72211
 -0.00106726   -0.0170166  -0.00780439   -0.0151058
   0.0358434    0.0135187    0.0214486   -0.0540454
    -30.5837     -1.05313     0.110841      3.34166
   0.0112001  -0.00311508   0.00425155   -0.0140521
  -0.0442855    0.0144061    0.0165216   -0.0507314
   0.0268234   -0.0260145   -0.0168259   -0.0363572
     25.1635       3.9337       1.7309     -1.02471
   -0.706054     0.246343     0.321397     0.738039
    -3.88868    -0.435493     -2.41316     0.281657
   -0.175136    -0.257579     0.123977    -0.683199
   -0.623518     0.179111     0.162012     0.771129
   -0.623518     0.179111     0.162012     0.771129
   -0.773314    -0.109396     0.358035    0.0304609
    -1.03161     -3.01327     -2.22303     -2.28187
  0.00145025  -0.00333441    0.0076041  -5.2097e-05
   -0.773314    -0.109396     0.358035    0.0304609
  -0.0253409    0.0309273   -0.0720455    0.0574691
   -0.773314    -0.109396     0.358035    0.0304609
   0.0109921  -0.00203162  -0.00425125   0.00694239
 -0.00490431   -0.0209017  -0.00985814   -0.0349876
    -1.96392     0.337551    -0.131961    -0.248523
    0.239364    0.0954128    0.0669995     -0.15169
  -0.0017496  -0.00138952   0.00227775   0.00812617
   -0.137792    0.0628601       0.2475    0.0264114
   -0.302574     0.225761    -0.101509     0.184833
   0.0136677   0.00327239    0.0215657   -0.0428222
   0.0554074  -0.00964178   0.00295321   -0.0624089
     29.9225     0.709035    -0.738428     -2.50126
    -20.8806     -7.57176     -5.17749      -1.4333
     29.9225     0.709035    -0.738428     -2.50126
    -29.9225    -0.709035     0.738427      2.50126
    -29.9225    -0.709035     0.738427      2.50126
   0.0530239    0.0109604    0.0261954   -0.0243422
  -0.0345197   -0.0049892    0.0812819   -0.0747235
    -29.9225    -0.709035     0.738427      2.50126
  -0.0476643  -0.00375867    -0.190178    -0.416525
  0.00818583  -0.00723724   -0.0139572  -0.00354147
  -0.0192039   -0.0172212   -0.0382796   -0.0119385
   -0.058801    -0.180444    -0.134612     0.130245
     -7.5866      5.21411      6.76255      4.09233
  -0.0312367   0.00643744   0.00828197    0.0131795
     11.1233      9.52786       4.7713      6.05564
    -0.10663   -0.0310656    -0.155854    0.0915779
    -17.5913     -5.50777     0.358146    -0.552803
   -0.105528    -0.840141      2.33343    0.0579382
  -0.0243302    0.0106177    0.0814939    0.0150832
     18.6461      1.92859     -3.31254      1.53259
   0.0576529   -0.0204743    0.0243977   -0.0271367
     9.83076      7.07035       -0.903      5.95024
    -1.26216      1.99081     0.692346     0.686152
    -2.58929     0.432515      2.35798   -0.0233146
     0.58577     -1.12048     0.212435    -0.660421
 -0.00504441    0.0124357   0.00609962    0.0202642
     9.78027      6.85201      6.46971      1.14208
    0.230762     0.105961     0.224331    -0.359699
    0.252582   -0.0211267   -0.0976766    0.0663869
     1.02694     -0.24341     0.440254    -0.225653
    -9.41778     -5.90328     -6.24931    -0.629636
    -9.41778     -5.90328     -6.24931    -0.629636
     9.41778      5.90328      6.24931     0.629635
     0.58577     -1.12048     0.212435    -0.660421
    0.217825    0.0159839     0.131694    -0.203996
  -0.0152188    0.0154775 -0.000688656  -0.00094506
  0.00610053  -0.00262715    0.0405941    0.0094554
  0.00552879   -0.0141294  -0.00812487   -0.0137647
   -0.022476    0.0128407   -0.0179641  -0.00407102
  0.00709968   0.00273113   -0.0244748    0.0112145
   0.0307601  -0.00433751   0.00163565   0.00401471
     4.88318     -2.74524    -0.685965     -3.19295
  -0.0224311     0.014652   -0.0137774   0.00915159
   0.0696078    -0.582562      2.20945     0.741137
 0.000107127   0.00441822    0.0120472   0.00158159
    0.812261    -0.861508      1.17408     0.263348
  0.00897442    -0.108827    -0.278768  -0.00680701
    0.119207    -0.421792     0.633381    0.0348787
 -0.00907927   0.00922158  -0.00265933 -0.000675145
   0.0600151  0.000952006    0.0421732   -0.0545871
   -0.030766    -0.115058    -0.189956   -0.0104902
 -0.00164401  -0.00173301   0.00731397  -0.00757534
   0.0137731    -0.015365    0.0565388    0.0573413
   0.0488153   -0.0173679    0.0590222   -0.0373023
  -0.0313099   0.00379445     0.098269    0.0372206
    -1.94439      1.77549    -0.706652     0.381361
     23.5397    -0.498241     -4.82666     -1.00717
     11.6748      4.81037      7.21834     0.475384
    -11.6748     -4.81037     -7.21834    -0.475385
 -0.00490431   -0.0209017  -0.00985814   -0.0349876
    -11.6748     -4.81037     -7.21834    -0.475385
     11.6748      4.81037      7.21834     0.475384
    -3.78575    -0.525539     -2.39827     0.233415
   -0.137549  -0.00695245    0.0738716   -0.0671895
    -1.69933     0.438109      2.93453     0.158174
   -0.538963     0.675576     0.079978    -0.864329
    -11.6748     -4.81037     -7.21834    -0.475385
     11.6748      4.81037      7.21834     0.475384
     2.34922      1.89754      3.12772     -2.36644
    0.920716  -0.00456914     0.658806     -1.01789
   0.0057146  -0.00868992    0.0329542    0.0785026
    -1.94439      1.77549    -0.706652     0.381361
    -2.52822     -4.69826    -0.510697      -1.5586
